y1;y2;sex;age;rs8063330_A;rs8062734_A;rs8058318_A;rs892244_A;rs745519_A;rs7185064_A;rs16957838_A;rs8049208_A
1;1;2;47;0;1;0;0;0;0;0;1
1;1;1;54;1;1;0;1;1;0;0;1
0;1;2;56;0;0;1;0;0;1;0;0
0;1;2;53;0;0;0;0;0;0;0;0
0;0;2;65;0;0;0;0;0;2;0;0
1;1;1;63;0;0;0;0;0;0;0;0
1;1;2;53;0;0;1;0;0;1;0;0
1;1;2;46;1;1;1;0;0;1;0;1
1;1;2;62;0;0;2;0;0;2;0;0
1;1;2;63;0;0;0;0;0;0;0;0
1;1;2;47;0;0;1;0;0;1;0;0
1;1;1;58;1;1;1;1;1;1;0;1
1;1;2;53;0;0;1;0;0;1;0;0
1;1;1;68;0;0;2;0;0;2;0;0
1;1;2;54;0;0;1;0;0;2;0;0
0;0;2;30;0;0;1;0;0;1;0;1
1;1;1;46;0;0;0;0;0;0;0;0
1;1;2;56;0;0;1;0;0;2;0;0
1;1;1;50;1;1;1;0;0;1;0;1
1;1;2;64;0;0;0;0;0;1;0;0
1;1;1;64;1;1;0;1;1;1;0;1
1;1;1;56;0;0;1;0;0;1;0;1
1;1;2;39;0;0;0;0;0;1;0;0
0;0;2;46;1;1;0;1;1;0;0;1
1;1;1;58;0;0;0;0;0;0;0;0
1;1;1;52;0;0;1;0;0;1;0;0
1;0;2;57;0;0;1;0;0;2;0;0
1;1;1;46;0;0;0;0;0;0;0;0
0;1;1;56;0;0;0;0;0;1;0;0
0;0;1;46;0;0;1;0;0;1;0;0
1;1;2;58;0;0;0;0;0;1;0;1
0;1;1;63;0;0;1;0;0;2;0;0
0;1;1;48;1;1;0;1;1;1;0;1
1;1;1;65;0;0;2;0;0;2;0;0
0;0;2;47;0;0;0;0;0;0;0;0
1;1;1;65;0;0;2;0;0;2;0;0
1;1;2;58;0;0;1;0;0;2;0;0
1;1;2;47;0;0;2;0;0;2;0;0
1;1;1;62;1;1;0;1;1;0;0;1
1;1;1;59;0;0;0;0;0;0;0;0
1;1;1;64;2;2;0;2;2;0;0;2
1;1;1;55;0;0;2;0;0;2;0;0
1;1;2;56;0;0;2;0;0;2;0;0
1;1;2;47;0;0;2;0;0;2;1;1
1;1;2;46;0;0;0;0;0;0;0;0
0;0;2;61;1;1;1;1;1;1;0;1
0;0;1;69;0;0;1;0;0;2;0;0
1;1;1;51;1;1;0;1;1;0;0;1
1;1;1;54;0;0;2;0;0;2;0;0
1;1;1;53;0;0;1;0;0;1;0;0
1;1;2;64;1;1;1;1;1;1;0;1
1;1;2;56;1;1;1;0;0;1;0;1
0;0;2;28;0;0;2;0;0;2;0;0
1;1;1;47;0;0;2;0;0;2;0;0
1;1;1;65;0;0;1;0;0;1;0;0
1;1;1;46;0;0;1;0;0;1;0;1
0;0;1;55;0;0;0;0;0;1;0;1
1;1;1;68;0;0;0;0;0;1;0;0
1;1;2;68;0;0;1;0;0;1;0;0
1;1;2;55;0;0;0;0;0;0;0;1
1;1;2;68;0;0;2;0;0;2;0;0
0;1;1;65;0;0;2;0;0;2;0;0
1;1;2;59;0;0;0;0;0;0;0;0
0;1;1;53;1;1;1;1;1;1;0;1
0;0;2;25;0;0;1;0;0;1;0;0
1;1;1;56;0;0;1;0;0;1;0;0
1;1;2;57;0;0;1;0;0;1;1;1
1;1;1;67;0;0;0;0;0;1;0;0
0;1;2;37;0;0;1;0;0;1;0;0
1;1;2;64;0;0;2;0;0;2;0;0
1;1;1;55;1;1;1;1;1;1;0;1
1;1;1;52;0;0;1;0;0;1;0;0
0;0;2;37;1;1;0;1;1;0;0;1
1;1;1;66;0;0;1;0;0;1;0;0
1;1;2;62;0;0;1;0;0;1;0;0
0;0;2;47;0;0;2;0;0;2;0;0
1;1;2;55;0;0;1;0;0;1;0;0
1;1;1;48;1;1;0;1;1;0;0;1
0;0;2;52;0;0;1;0;0;1;0;0
1;1;2;58;0;0;0;0;0;1;0;0
1;1;1;69;1;1;0;1;1;0;0;1
1;1;1;64;0;0;0;0;0;0;0;0
1;1;2;52;0;0;2;0;0;2;1;1
1;1;1;54;0;0;1;0;0;1;0;0
0;1;2;28;0;0;0;0;0;0;0;0
1;1;1;62;0;0;0;0;0;0;0;1
1;1;2;54;0;1;1;0;0;1;1;2
1;1;1;64;0;0;2;0;0;2;0;0
1;1;2;42;0;0;1;0;0;1;0;0
0;1;2;54;1;1;0;1;1;1;0;1
1;1;1;67;0;0;1;0;0;1;0;0
1;1;2;60;1;1;1;1;1;1;0;1
1;1;2;64;1;1;0;1;1;0;0;1
1;1;1;45;0;0;1;0;0;2;0;0
0;0;1;40;0;0;2;0;0;2;0;0
1;1;2;50;0;0;1;0;0;1;0;0
1;1;1;39;0;0;0;0;0;1;0;0
1;1;2;62;0;0;2;0;0;2;0;0
1;1;2;55;0;0;1;0;0;2;0;0
0;1;2;61;0;0;0;0;0;1;0;0
1;1;1;52;0;0;2;0;0;1;0;1
1;1;2;50;0;0;1;0;0;1;1;1
1;1;1;67;1;1;1;1;1;1;0;1
1;1;2;61;0;0;1;0;0;2;0;0
0;0;2;53;0;0;0;0;0;0;0;0
0;0;2;55;0;0;1;0;0;1;0;0
0;1;1;61;0;0;1;0;0;2;0;0
1;1;1;49;0;0;0;0;0;1;0;0
1;1;2;45;0;0;1;0;0;1;0;1
0;0;2;44;0;0;0;0;0;1;0;0
1;1;2;50;0;1;0;0;0;1;0;1
1;1;1;57;0;0;1;0;0;0;0;1
1;1;2;49;0;0;1;0;0;2;0;0
0;0;2;50;0;0;2;0;0;2;1;1
1;1;1;57;0;0;1;0;0;1;0;0
1;1;2;55;0;0;1;0;0;1;0;0
1;1;1;55;0;0;0;0;0;0;0;0
0;0;2;48;0;0;1;0;0;1;0;0
1;1;2;62;0;0;2;0;0;2;0;0
0;0;2;34;0;0;1;0;0;2;0;0
1;1;1;54;0;0;1;0;0;1;0;1
0;0;2;25;0;0;0;0;0;0;0;0
1;1;2;57;0;0;0;0;0;0;0;0
1;1;2;67;0;0;2;0;0;1;1;2
1;1;1;60;0;0;1;0;0;1;0;0
1;1;1;59;0;0;1;0;0;1;0;0
0;0;2;45;1;1;1;1;1;1;0;1
1;1;1;46;0;0;1;0;0;1;0;0
0;1;1;52;0;0;2;0;0;2;0;0
1;1;2;50;0;0;1;0;0;1;0;0
1;1;2;60;0;0;1;0;0;2;0;0
1;1;1;47;0;0;1;0;0;1;0;0
1;1;1;45;0;0;1;0;0;1;0;0
0;0;2;45;1;1;0;1;1;0;0;1
0;1;2;57;0;0;2;0;0;2;0;0
1;1;2;55;0;1;0;0;0;0;0;1
1;1;2;57;0;0;0;0;0;0;0;0
1;1;1;63;0;0;2;0;0;2;0;0
0;1;2;53;0;0;2;0;0;2;0;0
0;1;2;46;0;0;0;0;0;0;0;0
1;1;2;49;0;0;0;0;0;0;0;0
0;0;1;51;0;0;2;0;0;2;0;0
1;1;2;65;0;0;0;0;0;0;0;0
1;1;1;33;0;0;2;0;0;2;0;1
1;1;1;55;0;0;0;0;0;0;0;0
1;1;1;59;1;1;1;1;1;1;0;1
1;1;1;46;0;0;1;0;0;0;0;1
1;1;2;61;0;0;1;0;0;1;0;0
1;1;1;63;0;0;1;0;0;1;0;0
0;1;2;59;0;0;1;0;0;2;0;0
1;1;2;54;0;0;0;0;0;0;0;0
1;1;1;44;0;0;0;0;0;1;0;0
1;1;1;45;0;0;2;0;0;2;0;0
1;1;2;49;2;2;0;2;2;0;0;2
1;1;1;56;0;0;2;0;0;2;0;0
1;1;2;54;0;0;1;0;0;0;0;1
1;1;2;39;0;0;0;0;0;1;0;1
1;1;2;55;1;1;1;1;1;1;0;1
1;1;2;61;0;0;1;0;0;2;0;0
0;0;2;42;0;0;2;0;0;2;0;0
1;1;2;62;0;0;1;0;0;0;0;1
1;1;2;54;1;1;1;1;1;1;0;1
1;1;1;62;0;0;1;0;0;1;0;0
0;0;2;56;1;1;1;1;1;1;0;1
0;0;2;31;1;1;0;1;1;0;0;1
1;1;1;50;0;0;2;0;0;2;0;0
1;1;1;52;0;0;2;0;0;2;0;0
1;1;1;59;0;0;0;0;0;1;0;0
1;1;2;69;0;0;1;0;0;1;0;0
1;1;1;60;0;0;1;0;0;1;0;0
1;1;2;46;0;0;1;0;0;2;0;0
1;1;1;69;0;0;2;0;0;2;0;1
1;1;2;57;1;1;0;1;1;0;0;1
1;1;1;48;0;0;0;0;0;0;0;0
1;1;1;64;0;0;1;0;0;1;0;0
1;1;1;49;0;0;0;0;0;0;0;1
1;0;2;48;1;1;1;1;1;1;0;1
1;1;1;64;0;1;1;0;0;1;0;1
1;1;2;65;0;0;1;0;0;2;0;0
1;1;1;54;0;0;1;0;0;0;0;1
1;1;1;56;0;0;1;0;0;1;0;0
1;1;1;51;0;0;0;0;0;0;0;0
1;1;1;56;0;0;2;0;0;2;0;0
1;1;2;47;0;0;2;0;0;1;0;1
1;1;2;54;0;0;1;0;0;1;0;0
1;1;2;54;0;1;0;0;0;1;0;1
1;1;2;66;0;0;1;0;0;1;0;0
1;1;2;59;0;0;1;0;0;1;0;0
0;0;1;53;0;0;1;0;0;2;0;0
0;1;2;29;0;0;0;0;0;1;0;0
1;1;1;35;0;0;0;0;0;1;0;0
1;1;2;53;0;0;0;0;0;0;0;0
1;1;1;49;0;0;0;0;0;0;0;0
0;1;2;53;0;0;1;0;0;2;0;0
1;1;1;48;0;0;1;0;0;1;0;0
0;1;1;62;0;0;1;0;0;1;0;1
0;0;2;35;1;1;0;0;0;1;0;1
0;0;2;39;0;0;0;0;0;1;0;0
1;1;1;55;0;0;1;0;0;1;0;0
1;1;2;69;0;0;0;0;0;1;0;1
1;1;1;66;0;0;2;0;0;2;0;0
1;1;1;57;0;0;0;0;0;0;0;0
1;1;1;53;1;1;0;1;1;0;0;1
0;0;2;34;0;0;2;0;0;2;0;0
1;1;1;55;0;0;1;0;0;2;0;0
1;1;1;69;2;2;0;2;2;0;0;2
1;1;2;48;0;0;0;0;0;1;0;0
0;1;1;63;1;1;1;1;1;1;0;1
1;1;1;57;0;1;0;0;0;0;0;1
1;1;1;68;0;0;1;0;0;1;0;0
0;0;1;55;1;1;1;1;1;1;0;1
0;1;2;49;0;0;1;0;0;1;0;0
1;1;2;55;0;0;0;0;0;0;0;0
1;1;1;50;0;0;1;0;0;1;0;0
1;1;1;68;1;1;0;1;1;0;0;1
1;1;2;59;0;0;1;0;0;1;0;0
1;1;1;64;0;0;0;0;0;1;0;0
1;1;2;48;0;0;0;0;0;0;0;0
1;1;2;69;0;0;2;0;0;2;0;0
1;1;1;66;0;0;1;0;0;1;0;0
0;1;1;58;0;0;1;0;0;2;0;0
1;1;1;64;0;0;1;0;0;2;0;0
1;1;1;65;1;1;0;0;0;1;0;1
1;1;2;60;0;0;2;0;0;1;0;1
0;1;1;51;0;0;0;0;0;1;0;0
1;1;2;52;0;0;2;0;0;2;0;0
0;0;2;35;1;1;0;0;0;1;0;0
1;1;1;56;0;0;1;0;0;1;0;0
1;1;1;33;0;1;0;0;0;0;0;1
1;1;1;65;0;0;0;0;0;0;0;0
1;1;1;56;0;0;1;0;0;1;0;0
1;1;1;66;0;0;1;0;0;1;0;0
0;1;2;57;1;1;0;1;1;0;0;1
1;1;1;60;0;0;1;0;0;1;0;0
1;1;1;61;0;0;0;0;0;0;0;0
1;1;1;48;0;0;2;0;0;2;1;1
1;1;2;63;0;0;1;0;0;1;0;1
0;0;2;42;1;1;0;0;0;1;0;1
0;0;2;50;0;0;0;0;0;0;0;0
0;0;2;25;0;0;1;0;0;2;0;0
0;0;2;31;1;2;0;1;1;0;0;2
1;1;2;45;0;0;1;0;0;1;0;0
1;1;2;67;0;0;1;0;0;1;0;0
1;1;1;68;0;0;0;0;0;0;0;1
1;1;1;53;0;0;1;0;0;1;0;0
0;0;2;46;0;0;2;0;0;2;0;0
1;1;2;60;0;0;1;0;0;1;0;0
0;1;2;52;0;0;1;0;0;1;0;0
1;1;1;59;0;1;0;0;0;0;0;1
1;1;1;62;0;0;0;0;0;0;0;0
0;0;1;53;0;0;0;0;0;0;0;0
0;0;1;35;0;0;1;0;0;1;0;0
1;1;2;60;0;0;1;0;0;1;0;0
1;1;1;52;0;0;1;0;0;1;0;0
1;1;2;59;0;0;0;0;0;0;0;0
1;1;1;53;1;1;0;1;1;1;0;1
0;0;2;45;0;0;1;0;0;1;0;0
1;1;2;57;0;0;1;0;0;2;1;1
1;1;1;64;0;0;1;0;0;1;0;0
1;1;1;67;0;0;0;0;0;0;0;0
1;1;2;56;0;0;0;0;0;0;0;0
1;1;2;36;0;0;1;0;0;1;0;0
0;0;2;40;0;0;0;0;0;2;0;0
0;1;2;45;0;0;1;0;0;1;0;0
1;1;2;64;0;0;0;0;0;2;0;0
0;0;1;45;0;0;1;0;0;1;0;0
1;1;1;50;0;0;1;0;0;1;0;0
1;1;1;56;0;0;1;0;0;1;0;0
1;1;2;60;0;1;1;0;0;1;0;1
1;1;2;67;1;1;0;1;1;1;0;1
1;1;2;53;0;1;1;0;0;1;0;1
1;1;1;69;0;0;1;0;0;1;0;0
1;1;2;62;1;1;0;1;1;0;0;1
1;1;1;67;1;1;0;0;0;0;0;1
1;1;1;54;0;0;1;0;0;1;0;0
1;1;1;48;0;0;1;0;0;1;0;0
1;1;1;64;0;0;2;0;0;2;0;0
1;1;1;59;0;0;0;0;0;0;0;0
1;1;1;49;0;0;1;0;0;1;0;0
1;1;1;41;0;0;2;0;0;2;0;0
1;1;1;57;0;0;1;0;0;1;0;0
0;0;2;46;0;0;1;0;0;2;0;0
0;1;2;45;0;0;1;0;0;2;0;0
1;1;2;65;1;1;1;1;1;1;0;1
1;1;2;64;1;1;0;1;1;1;0;1
0;0;2;55;0;0;0;0;0;1;0;0
1;1;2;53;0;0;2;0;0;2;0;0
1;1;2;56;0;0;2;0;0;2;0;0
1;1;2;57;0;0;0;0;0;0;0;0
1;1;2;64;0;0;0;0;0;1;0;0
0;1;1;55;1;1;0;1;1;0;0;1
1;1;2;52;0;0;0;0;0;1;0;0
0;1;2;58;0;0;0;0;0;0;0;0
1;1;2;28;0;0;1;0;0;2;0;0
1;1;1;57;0;0;0;0;0;0;0;0
0;0;2;40;1;1;1;1;1;1;0;2
0;0;2;53;0;0;0;0;0;1;0;0
1;1;1;65;0;0;0;0;0;0;0;0
1;1;2;47;0;0;1;0;0;0;0;1
1;1;2;55;1;1;1;1;1;0;0;2
0;1;2;62;0;0;0;0;0;1;0;0
1;1;1;65;1;1;0;1;1;1;0;1
1;1;2;69;0;1;1;0;0;1;0;1
1;1;2;37;0;0;1;0;0;2;0;0
1;1;2;68;0;0;1;0;0;1;0;0
1;1;1;69;1;1;1;1;1;1;0;1
0;0;2;46;0;0;0;0;0;1;0;1
1;1;1;57;0;0;1;0;0;1;0;0
1;0;2;47;0;0;1;0;0;1;0;0
1;1;2;56;0;0;1;0;0;2;0;0
0;1;2;53;0;0;1;0;0;1;0;0
1;1;2;54;0;0;0;0;0;0;0;0
0;0;2;46;0;0;0;0;0;1;0;0
0;0;1;49;1;1;1;1;1;1;0;1
1;1;2;53;1;1;1;1;1;1;0;1
0;0;1;47;0;0;1;0;0;1;0;0
1;1;2;66;0;0;1;0;0;1;1;1
0;0;1;50;0;0;1;0;0;1;0;0
1;1;2;68;0;0;2;0;0;2;0;0
1;1;1;53;1;1;0;1;1;0;0;2
1;1;1;47;0;0;0;0;0;0;0;0
1;1;1;56;0;0;1;0;0;1;0;0
1;1;2;41;0;0;0;0;0;0;0;0
1;1;1;62;0;0;2;0;0;2;0;0
1;1;2;61;0;0;1;0;0;2;0;0
0;0;2;44;1;1;1;1;1;1;1;2
0;0;2;27;1;1;1;1;1;1;0;1
1;1;2;49;1;1;0;1;1;0;0;1
1;1;1;61;0;0;1;0;0;1;0;0
1;1;1;68;0;0;1;0;0;1;0;0
0;1;1;63;0;0;1;0;0;1;0;0
1;1;2;62;0;0;1;0;0;1;0;0
1;1;1;65;0;0;0;0;0;0;0;0
1;1;2;49;0;0;1;0;0;2;0;0
1;1;1;57;0;0;2;0;0;1;0;1
1;1;2;47;0;0;2;0;0;2;0;0
1;1;2;61;1;1;1;0;0;2;0;0
1;1;1;61;0;0;1;0;0;1;0;1
1;1;2;66;1;1;0;1;1;1;0;1
1;1;1;53;0;0;0;0;0;0;0;0
0;1;2;47;0;0;2;0;0;2;0;0
1;1;1;36;0;0;2;0;0;1;0;1
1;0;1;54;0;0;2;0;0;2;0;0
1;1;1;54;0;0;1;0;0;1;0;0
1;1;1;58;0;0;1;0;0;1;0;0
1;1;1;50;0;0;1;0;0;1;0;0
1;1;1;65;0;0;0;0;0;0;0;0
1;1;1;62;1;1;0;1;1;0;0;1
1;1;1;55;0;0;1;0;0;1;0;0
1;1;1;50;0;1;0;0;0;0;0;1
1;1;2;57;0;0;1;0;0;1;0;0
0;0;2;48;0;0;0;0;0;0;0;0
1;1;1;62;0;0;1;0;0;1;0;0
1;1;1;55;0;0;0;0;0;0;0;0
1;1;2;63;0;0;0;0;0;1;0;0
1;1;1;51;0;0;0;0;0;0;0;0
1;1;2;62;0;0;1;0;0;1;0;1
1;1;2;59;0;0;1;0;0;1;1;1
1;1;1;52;0;0;1;0;0;2;0;0
1;1;2;65;1;1;0;1;1;0;0;1
1;1;2;29;1;1;0;1;1;1;0;1
1;1;1;39;0;0;0;0;0;0;0;0
1;1;1;69;0;0;0;0;0;0;0;0
1;1;1;58;0;0;0;0;0;0;0;0
1;1;2;46;0;0;0;0;0;0;0;1
0;0;1;45;1;1;0;1;1;0;0;1
0;0;2;45;0;0;0;0;0;0;0;0
0;0;2;52;0;0;2;0;0;2;0;0
0;0;2;51;0;0;0;0;0;0;0;0
1;1;1;54;0;0;1;0;0;1;0;0
0;0;2;51;0;0;1;0;0;2;0;0
1;1;1;49;0;0;0;0;0;1;0;0
1;1;2;57;0;0;2;0;0;2;0;0
1;1;1;55;1;1;1;0;0;2;0;0
0;0;2;41;0;0;1;0;0;1;0;0
1;1;2;56;0;0;0;0;0;1;0;0
1;1;2;34;0;0;1;0;0;2;1;1
0;0;2;45;1;1;1;1;1;1;1;2
0;0;2;27;0;1;1;0;0;1;0;1
1;1;2;62;0;0;2;0;0;2;0;0
1;1;1;56;0;0;1;0;0;1;0;0
1;1;2;60;0;0;1;0;0;1;0;0
1;1;2;50;0;0;0;0;0;1;0;0
1;1;2;63;0;0;0;0;0;2;0;0
1;1;1;67;0;0;1;0;0;1;0;0
0;0;2;25;0;0;0;0;0;1;0;0
1;1;2;67;1;1;0;1;1;0;0;1
1;1;2;49;0;0;1;0;0;2;0;0
1;1;1;48;0;0;0;0;0;0;0;0
1;1;1;48;0;0;0;0;0;0;0;0
0;0;2;31;0;0;1;0;0;2;1;1
0;0;1;37;0;0;1;0;0;1;0;1
1;1;2;58;0;0;1;0;0;2;0;0
0;1;1;46;1;1;1;1;1;1;0;1
1;1;2;56;0;0;1;0;0;2;0;0
1;1;2;45;0;0;1;0;0;1;0;0
1;1;1;59;0;0;1;0;0;2;0;0
1;1;1;57;1;1;0;1;1;1;0;0
0;0;2;30;0;0;1;0;0;1;0;0
1;1;2;38;1;1;1;1;1;1;0;1
0;1;1;52;0;1;1;0;0;1;0;1
1;1;2;64;0;0;0;0;0;0;0;0
1;1;2;55;0;0;0;0;0;1;0;0
0;0;2;41;0;0;0;0;0;1;0;0
1;1;1;58;0;0;1;0;0;2;0;0
1;1;1;65;0;0;2;0;0;2;0;0
1;1;1;66;0;0;1;0;0;1;0;1
1;1;2;67;0;0;2;0;0;2;0;0
1;1;1;46;2;2;0;2;2;0;0;2
1;1;1;52;0;0;2;0;0;2;0;1
1;1;2;65;0;0;1;0;0;1;0;0
1;1;2;64;0;0;0;0;0;1;0;0
0;1;2;59;0;0;1;0;0;0;0;1
1;1;1;58;0;0;1;0;0;1;0;0
1;1;2;58;0;0;1;0;0;1;0;0
1;1;1;32;0;0;2;0;0;2;0;0
1;1;1;62;0;0;0;0;0;0;0;0
1;1;1;55;0;0;0;0;0;0;0;0
1;1;1;61;1;1;1;1;1;1;0;1
1;1;1;50;1;1;1;1;1;1;0;1
1;1;1;65;1;1;0;1;1;0;0;1
1;1;1;47;0;0;0;0;0;0;0;0
1;1;1;51;0;0;1;0;0;2;0;0
0;0;2;39;1;1;1;1;1;1;0;1
0;0;2;65;0;0;0;0;0;0;0;0
1;1;1;50;0;0;2;0;0;2;0;0
1;1;2;62;0;0;0;0;0;0;0;0
1;1;2;58;0;0;0;0;0;1;0;0
1;1;2;47;0;0;1;0;0;1;0;0
1;1;1;69;0;0;0;0;0;0;0;0
1;1;1;52;1;1;1;1;1;1;1;2
1;1;1;47;0;0;0;0;0;0;0;0
1;1;2;68;0;0;2;0;0;2;0;0
1;1;2;49;0;1;0;0;0;1;0;1
1;1;2;62;2;2;0;2;2;0;0;2
1;1;1;66;0;0;0;0;0;0;0;0
1;1;2;64;0;0;0;0;0;0;0;0
1;1;1;55;0;0;1;0;0;1;0;0
1;1;2;48;0;0;1;0;0;2;0;0
1;1;2;45;0;0;1;0;0;1;0;0
1;1;2;67;0;0;1;0;0;2;0;0
1;0;2;57;0;0;0;0;0;0;0;0
1;1;2;58;0;0;1;0;0;2;0;0
1;1;1;53;0;0;1;0;0;2;0;0
0;0;2;52;0;0;2;0;0;1;0;1
0;1;1;65;0;0;2;0;0;2;0;0
1;1;1;69;0;0;0;0;0;0;0;1
1;1;1;51;0;0;1;0;0;1;0;0
1;1;1;57;0;0;1;0;0;1;0;0
0;1;1;66;0;0;1;0;0;0;0;1
0;0;2;66;0;0;0;0;0;1;0;0
1;1;2;47;1;1;1;1;1;1;0;1
0;0;2;44;0;0;1;0;0;1;0;0
0;1;2;53;0;0;1;0;0;2;0;0
0;0;2;25;2;2;0;2;2;0;0;2
0;1;2;40;0;0;1;0;0;1;0;0
1;1;1;67;0;0;1;0;0;2;0;0
1;1;1;52;0;0;1;0;0;1;0;0
1;1;1;60;0;0;2;0;0;2;0;0
1;1;2;56;0;0;0;0;0;0;0;0
1;1;1;54;0;0;2;0;0;2;0;0
1;1;2;57;0;0;2;0;0;2;0;0
1;1;2;64;1;1;1;1;1;1;0;1
1;1;1;60;1;1;0;1;1;0;0;1
1;1;2;67;1;1;1;1;1;1;0;1
1;1;1;55;0;1;0;0;0;0;0;1
1;1;2;66;0;0;1;0;0;2;0;0
1;1;2;52;1;1;0;1;1;0;0;1
0;1;2;57;0;0;1;0;0;1;0;0
1;1;2;59;0;0;2;0;0;2;0;0
1;1;1;64;0;0;0;0;0;1;0;0
1;1;2;51;0;0;1;0;0;1;0;0
0;0;2;36;0;0;1;0;0;1;0;0
1;1;2;58;0;0;2;0;0;2;0;0
0;0;2;25;0;0;1;0;0;2;0;0
1;1;2;62;0;0;2;0;0;2;0;0
1;1;1;56;1;1;1;0;0;2;1;1
1;1;1;68;1;1;0;1;1;0;0;1
1;1;2;57;0;0;2;0;0;2;0;0
0;0;2;54;1;1;0;1;1;0;0;1
1;1;2;61;0;0;0;0;0;1;0;0
1;1;1;51;1;1;0;1;1;0;0;1
1;1;1;61;0;0;2;0;0;2;0;0
1;1;1;50;0;0;1;0;0;1;0;0
1;1;1;52;0;0;2;0;0;2;0;0
1;1;1;45;0;0;0;0;0;0;0;0
1;1;2;56;0;0;1;0;0;1;0;0
0;1;1;62;0;0;1;0;0;2;0;0
1;1;1;51;1;1;1;1;1;1;0;1
1;1;2;61;0;0;0;0;0;1;0;0
0;0;2;57;1;1;0;1;1;1;0;1
1;1;1;52;0;0;0;0;0;0;0;0
1;1;1;58;1;2;0;1;1;0;0;2
0;0;2;28;0;0;1;0;0;1;0;0
1;1;2;50;1;1;1;1;1;1;0;1
1;1;1;48;0;0;1;0;0;1;0;0
1;1;2;65;1;1;0;1;1;0;0;1
0;0;1;60;0;0;0;0;0;0;0;0
1;1;1;48;0;0;1;0;0;2;0;0
1;1;2;67;0;1;1;0;0;1;0;1
0;0;2;26;0;0;1;0;0;1;0;0
0;1;1;48;1;2;0;1;1;0;0;2
1;1;2;69;0;0;2;0;0;2;0;0
0;1;2;67;0;0;1;0;0;1;0;0
0;0;2;33;0;0;1;0;0;1;0;0
0;1;2;45;0;0;0;0;0;1;0;0
0;1;2;35;0;0;2;0;0;2;0;0
1;1;1;59;1;1;1;1;1;1;0;1
1;1;1;67;1;1;0;1;1;0;0;1
1;1;1;67;0;0;1;0;0;1;0;0
1;1;2;55;0;1;0;0;0;0;0;1
1;1;1;68;0;0;2;0;0;2;0;0
1;1;1;63;0;0;0;0;0;0;0;0
1;1;1;69;0;0;2;0;0;2;0;0
1;1;1;39;1;1;0;1;1;0;0;1
1;1;1;68;0;0;2;0;0;2;0;0
1;1;2;45;0;0;1;0;0;1;0;0
0;1;1;35;1;1;0;1;1;1;0;1
1;1;2;61;0;0;0;0;0;0;0;1
1;1;1;45;0;1;0;0;0;1;0;1
1;1;1;58;0;0;0;0;0;1;0;0
0;0;2;44;1;1;1;1;1;1;0;1
1;1;1;52;0;0;1;0;0;2;0;0
1;1;2;62;0;0;1;0;0;1;0;0
1;1;2;52;1;1;1;1;1;1;0;1
1;1;2;63;0;0;0;0;0;0;0;0
1;1;2;58;0;0;2;0;0;2;0;0
1;1;1;58;0;0;0;0;0;1;0;0
1;1;2;47;0;0;1;0;0;1;0;0
1;1;1;45;1;1;0;0;0;1;0;1
1;1;1;69;0;0;1;0;0;1;0;0
0;0;2;45;0;0;1;0;0;1;0;0
1;1;1;51;0;0;2;0;0;2;0;0
1;1;1;61;0;0;0;0;0;0;0;0
1;1;1;52;0;0;1;0;0;1;0;0
1;1;2;53;0;0;0;0;0;1;0;0
1;1;2;56;0;0;1;0;0;1;0;0
0;0;2;34;1;1;1;0;0;2;0;0
1;1;1;59;1;1;1;1;1;1;0;1
1;1;1;63;0;0;1;0;0;2;0;0
1;1;2;52;0;0;0;0;0;0;0;0
0;0;2;67;0;0;1;0;0;1;0;0
1;1;1;64;0;0;0;0;0;0;0;0
1;1;1;63;0;0;1;0;0;1;0;0
0;0;2;60;1;1;1;1;1;1;0;1
0;0;2;57;0;0;0;0;0;1;0;0
1;1;1;54;0;0;0;0;0;1;0;0
0;1;1;53;0;0;2;0;0;2;0;0
0;1;2;59;0;0;2;0;0;2;0;0
1;1;2;56;1;1;0;1;1;0;0;1
1;1;2;62;0;0;1;0;0;2;0;0
1;1;2;49;1;1;0;1;1;0;0;2
1;1;2;61;0;0;0;0;0;0;0;0
0;0;2;30;0;0;2;0;0;2;1;1
1;1;1;58;0;0;1;0;0;1;0;0
1;1;1;55;0;0;0;0;0;1;0;0
1;1;1;47;1;1;1;1;1;1;0;1
0;0;2;54;0;0;2;0;0;1;0;1
1;1;1;53;0;0;1;0;0;1;0;1
1;1;2;62;0;0;1;0;0;1;0;0
0;1;2;54;0;0;1;0;0;1;0;0
0;1;1;52;0;0;0;0;0;0;0;0
1;1;2;59;1;1;0;1;1;0;0;1
1;1;2;48;1;1;1;1;1;1;0;1
0;0;2;56;0;0;1;0;0;2;0;0
0;0;2;55;0;0;1;0;0;2;0;0
0;0;2;46;0;0;1;0;0;1;0;0
1;1;2;59;0;0;0;0;0;0;0;1
1;1;2;51;0;0;2;0;0;2;1;1
1;1;2;60;1;1;0;0;0;1;0;1
1;1;1;55;1;1;0;1;1;0;0;1
1;1;1;65;0;0;1;0;0;1;0;0
1;1;1;32;0;0;1;0;0;1;0;1
1;1;2;45;1;1;0;1;1;0;0;1
1;1;1;46;1;1;0;1;1;0;0;1
1;1;2;59;0;0;1;0;0;2;0;0
1;1;2;46;0;0;0;0;0;0;0;0
1;1;2;64;0;0;1;0;0;1;0;0
0;1;2;49;0;0;0;0;0;1;0;0
1;1;1;62;0;0;0;0;0;2;0;0
0;0;2;44;0;0;0;0;0;0;0;0
1;1;2;62;0;1;1;0;0;1;0;1
1;1;1;64;0;0;0;0;0;1;0;0
1;1;2;53;0;0;2;0;0;2;0;0
1;1;1;49;0;0;1;0;0;2;0;0
0;0;2;51;0;0;1;0;0;1;0;0
1;1;1;31;0;0;2;0;0;2;0;0
0;1;2;45;1;1;1;1;1;1;0;1
1;1;1;49;0;0;1;0;0;1;0;0
1;1;2;58;0;0;0;0;0;0;0;0
1;1;2;56;0;0;1;0;0;1;1;1
1;1;1;62;0;0;0;0;0;0;0;0
1;1;2;66;0;0;1;0;0;1;0;0
1;1;1;56;0;0;0;0;0;0;0;0
1;1;1;65;0;0;0;0;0;1;0;0
1;1;1;57;0;0;0;0;0;0;0;0
0;0;1;56;0;0;0;0;0;0;0;0
1;1;1;50;1;1;0;1;1;0;0;1
1;1;2;40;1;1;1;1;1;1;0;1
1;1;1;47;1;1;0;1;1;0;0;1
1;1;2;46;0;0;0;0;0;0;0;0
1;0;1;28;0;0;1;0;0;1;0;0
1;1;1;56;0;0;0;0;0;0;0;1
1;1;1;66;0;0;1;0;0;2;0;0
1;1;1;66;0;0;0;0;0;0;0;0
1;1;2;60;0;0;1;0;0;1;0;0
0;0;2;54;0;0;2;0;0;1;0;1
1;1;2;66;0;0;1;0;0;1;0;0
1;1;2;53;0;0;2;0;0;2;0;0
0;1;1;49;0;0;1;0;0;1;0;0
0;0;2;50;0;0;2;0;0;2;0;0
1;1;2;53;0;0;2;0;0;1;0;1
1;1;1;59;0;0;0;0;0;0;0;0
1;1;2;67;1;1;0;1;1;0;0;1
1;1;1;46;0;0;1;0;0;1;0;0
0;1;2;68;0;0;2;0;0;2;0;0
1;1;2;49;0;0;2;0;0;2;0;0
1;1;1;52;0;0;0;0;0;0;0;0
1;1;1;64;0;0;1;0;0;1;0;0
1;1;2;45;0;0;1;0;0;1;0;0
0;0;1;55;0;0;1;0;0;2;0;0
1;1;2;60;0;0;2;0;0;2;0;0
1;1;2;60;0;0;1;0;0;1;0;0
1;1;1;39;0;0;1;0;0;2;0;0
1;1;1;63;0;0;1;0;0;1;0;0
1;1;1;69;0;0;1;0;0;1;1;1
0;0;2;54;0;0;0;0;0;1;0;0
1;1;1;49;0;0;2;0;0;1;0;0
1;1;2;59;0;0;2;0;0;2;0;0
1;1;1;63;0;0;0;0;0;1;0;0
0;0;1;67;0;0;0;0;0;1;0;0
1;1;2;66;0;0;0;0;0;0;0;0
1;1;2;69;0;0;1;0;0;1;0;0
1;1;2;46;0;0;1;0;0;2;0;0
1;1;1;62;0;0;2;0;0;2;0;0
1;1;1;41;0;0;0;0;0;0;0;2
1;1;1;56;0;0;1;0;0;2;0;0
1;1;1;68;0;1;1;0;0;1;0;1
1;1;2;56;0;0;0;0;0;0;0;0
1;1;2;61;0;0;2;0;0;2;0;0
1;1;2;69;0;0;1;0;0;1;0;0
1;1;2;65;0;0;2;0;0;2;0;0
1;1;1;52;0;0;1;0;0;0;0;1
1;1;1;67;0;0;1;0;0;1;0;0
1;1;2;56;2;2;0;2;2;0;0;2
0;0;2;51;0;0;1;0;0;1;0;0
1;1;2;52;0;0;0;0;0;1;0;0
1;1;1;43;0;0;0;0;0;0;0;0
1;1;1;47;0;0;0;0;0;1;0;0
0;0;1;47;0;0;2;0;0;2;0;0
0;0;2;40;1;1;0;1;1;0;0;1
1;1;1;56;0;0;1;0;0;2;0;0
0;0;2;45;0;0;0;0;0;0;0;0
1;1;1;51;1;1;0;1;1;0;0;1
1;1;1;59;1;1;1;1;1;1;0;1
1;1;2;59;0;0;0;0;0;0;0;0
1;1;1;45;0;0;1;0;0;2;0;0
1;1;1;64;0;0;1;0;0;1;0;0
1;1;2;62;0;0;1;0;0;1;0;0
1;1;2;68;0;0;1;0;0;1;0;0
1;1;1;68;0;0;1;0;0;1;0;0
1;0;1;52;0;1;1;0;0;1;0;1
0;0;2;56;0;0;1;0;0;1;0;0
0;0;2;58;0;0;2;0;0;2;0;0
1;1;1;65;0;0;1;0;0;2;0;0
1;1;1;60;1;1;0;1;1;0;0;1
1;1;2;69;0;0;2;0;0;2;1;1
1;1;2;62;1;1;1;1;1;1;1;2
1;0;2;56;0;0;0;0;0;0;0;0
0;0;2;56;0;0;0;0;0;0;0;0
1;1;2;51;0;0;1;0;0;0;0;1
1;1;1;51;0;0;1;0;0;1;0;0
1;1;1;41;1;1;1;1;1;1;0;1
0;1;2;48;0;0;1;0;0;0;0;0
1;1;2;68;2;2;0;2;2;0;0;2
1;1;1;63;0;0;1;0;0;1;0;0
0;1;2;49;0;0;0;0;0;0;0;0
1;1;2;50;0;0;1;0;0;2;0;0
0;1;2;33;0;0;1;0;0;1;0;0
1;1;2;50;1;1;1;0;0;2;0;1
1;1;2;65;0;0;2;0;0;2;0;0
1;1;1;64;0;0;1;0;0;1;0;0
1;1;1;60;0;0;2;0;0;2;0;0
0;0;1;39;0;0;0;0;0;0;0;1
1;1;1;55;0;0;1;0;0;1;0;0
1;1;1;55;0;0;1;0;0;1;0;1
1;1;1;57;0;0;0;0;0;0;0;1
1;1;1;54;0;0;0;0;0;0;0;0
1;1;1;58;0;0;1;0;0;1;0;0
1;1;2;61;0;0;0;0;0;0;0;0
1;1;2;69;0;0;1;0;0;2;0;0
1;1;2;58;0;0;1;0;0;1;0;0
1;1;1;31;0;0;1;0;0;1;0;0
1;1;2;69;0;0;2;0;0;2;1;1
0;1;1;55;0;0;1;0;0;1;0;0
0;0;2;28;0;0;0;0;0;0;0;0
1;1;2;66;1;1;0;1;1;1;0;1
1;1;1;63;0;0;1;0;0;1;1;0
1;1;1;52;0;0;1;0;0;1;0;0
1;1;1;67;0;0;1;0;0;2;0;0
1;1;2;59;0;0;1;0;0;1;0;0
1;1;1;64;0;0;1;0;0;2;0;0
1;1;2;50;0;0;2;0;0;2;0;0
1;1;2;63;0;0;1;0;0;1;0;0
1;1;2;63;0;0;1;0;0;1;0;0
1;1;1;59;0;0;1;0;0;0;0;1
1;1;2;69;0;0;2;0;0;2;0;0
1;1;2;39;0;0;2;0;0;2;0;0
0;0;2;35;0;0;1;0;0;1;0;1
1;1;1;60;0;0;1;0;0;2;0;0
0;1;1;56;0;0;0;0;0;2;0;0
0;0;2;36;0;0;0;0;0;0;0;0
1;1;2;37;0;0;2;0;0;2;1;1
1;1;1;60;1;1;0;1;1;0;0;1
1;1;2;53;0;0;0;0;0;1;0;0
1;1;2;69;0;0;0;0;0;1;0;0
0;0;2;53;1;1;0;1;1;0;0;1
1;1;1;67;0;0;0;0;0;1;0;0
1;1;2;63;0;0;1;0;0;1;0;0
1;1;1;61;0;0;0;0;0;0;0;0
1;1;2;53;0;0;0;0;0;0;0;0
1;1;1;56;0;0;0;0;0;2;0;0
1;1;1;57;0;0;1;0;0;1;0;0
0;0;2;32;1;1;0;1;1;0;0;1
1;1;2;63;0;0;2;0;0;2;0;0
0;0;2;30;0;0;1;0;0;2;0;0
1;1;2;43;0;0;1;0;0;1;0;0
1;1;2;67;1;1;0;1;1;0;0;1
0;0;2;66;1;1;0;1;1;0;0;1
1;1;1;35;0;0;1;0;0;2;0;0
1;1;1;55;0;0;2;0;0;2;0;0
1;1;1;51;0;0;2;0;0;2;0;0
1;1;2;59;0;0;1;0;0;2;0;0
1;1;2;47;0;0;0;0;0;0;0;0
1;1;1;58;0;0;1;0;0;1;0;0
1;1;2;40;0;0;1;0;0;1;0;0
0;1;2;53;0;0;1;0;0;1;0;1
0;0;2;33;0;0;0;0;0;1;0;0
0;0;2;31;0;0;1;0;0;1;0;0
1;1;1;50;0;0;1;0;0;1;0;0
0;0;2;28;0;0;1;0;0;2;0;0
1;1;1;58;0;0;2;0;0;2;0;0
1;1;2;57;0;0;0;0;0;0;0;0
1;1;1;45;0;0;1;0;0;2;0;0
1;1;2;58;0;0;0;0;0;1;0;0
0;1;1;30;0;0;1;0;0;1;0;0
0;1;2;47;0;0;2;0;0;2;1;0
1;1;1;45;0;0;0;0;0;0;0;0
0;1;2;46;1;1;0;1;1;1;0;1
1;1;2;56;0;0;1;0;0;1;0;0
0;1;1;66;0;0;0;0;0;0;0;0
1;1;2;51;0;1;0;0;0;0;0;1
0;0;2;37;0;0;0;0;0;0;0;0
1;1;2;60;0;0;2;0;0;2;0;0
0;0;2;46;1;1;1;1;1;1;1;2
1;1;1;57;1;1;0;1;1;1;0;1
1;1;2;46;0;0;0;0;0;0;0;0
0;0;2;48;0;0;0;0;0;1;0;0
1;1;2;45;0;0;1;0;0;2;0;0
1;1;1;60;0;0;2;0;0;2;0;0
1;1;2;57;0;0;2;0;0;1;0;1
0;1;1;58;0;0;1;0;0;1;0;0
1;1;2;56;0;0;1;0;0;1;0;0
1;1;2;53;0;0;2;0;0;2;0;0
1;1;1;54;0;0;1;0;0;2;0;0
1;1;2;68;0;0;0;0;0;1;0;0
1;1;1;68;0;0;2;0;0;1;0;1
0;1;2;66;0;0;1;0;0;1;0;0
1;1;1;47;1;1;0;1;1;0;0;1
1;1;2;47;0;0;1;0;0;1;0;0
1;1;2;46;1;1;1;1;1;1;0;1
1;1;2;61;0;0;2;0;0;1;0;1
1;0;1;58;0;1;0;0;0;1;0;1
1;1;1;66;0;0;0;0;0;0;0;1
1;1;1;64;1;1;1;1;1;1;0;1
0;0;2;27;0;0;1;0;0;2;0;0
0;1;1;65;0;0;1;0;0;2;0;0
0;1;2;65;0;0;2;0;0;2;0;0
1;1;1;51;0;0;1;0;0;1;0;0
1;1;1;56;0;0;2;0;0;2;0;0
1;1;1;58;1;1;0;1;1;0;0;1
1;1;1;63;0;0;1;0;0;1;0;0
0;0;2;45;1;1;1;1;1;1;0;1
0;0;2;46;0;0;1;0;0;1;0;0
1;1;2;63;0;0;1;0;0;1;0;0
1;1;2;53;0;0;1;0;0;2;0;0
1;1;1;59;0;0;0;0;0;0;0;0
1;1;2;53;0;0;1;0;0;2;0;0
1;1;1;49;0;0;1;0;0;1;0;0
1;1;2;65;0;0;1;0;0;1;0;0
1;1;2;66;0;0;0;0;0;0;0;0
0;1;2;49;0;0;0;0;0;1;0;0
1;1;1;49;1;1;1;1;1;1;0;1
1;1;2;59;0;0;2;0;0;2;0;0
1;1;1;64;0;0;1;0;0;2;0;0
0;0;1;30;0;0;0;0;0;0;0;1
1;1;1;48;0;0;0;0;0;0;0;0
1;1;1;69;0;0;1;0;0;1;0;0
1;1;2;54;0;0;1;0;0;1;0;0
1;1;1;66;0;0;0;0;0;0;0;0
0;0;2;35;0;0;2;0;0;2;0;0
1;1;1;60;0;0;2;0;0;2;0;0
1;1;2;59;1;1;0;1;1;0;0;1
0;0;2;31;1;1;0;1;1;0;0;1
1;1;1;38;1;1;1;1;1;1;0;1
1;1;2;55;1;1;0;1;1;0;0;1
1;1;1;69;1;1;1;1;1;1;0;1
0;1;2;46;0;0;0;0;0;0;0;0
1;1;2;66;0;0;1;0;0;1;0;0
0;0;2;55;1;1;0;1;1;0;0;1
1;1;2;48;0;0;2;0;0;2;0;0
1;1;2;53;0;0;1;0;0;1;0;0
0;1;2;57;1;1;1;1;1;1;0;1
0;0;2;47;0;0;1;0;0;1;0;0
1;1;1;51;0;0;0;0;0;0;0;0
0;0;2;51;0;0;1;0;0;1;0;0
1;1;2;66;0;0;1;0;0;1;0;0
1;1;1;53;1;1;0;1;1;0;0;1
0;1;2;67;0;0;1;0;0;1;0;0
1;1;2;61;0;0;1;0;0;1;0;0
1;1;1;41;0;0;1;0;0;1;0;0
1;1;1;49;0;0;0;0;0;1;0;0
0;0;2;50;0;0;1;0;0;1;0;0
1;1;2;34;0;0;1;0;0;2;0;0
0;0;2;48;1;1;0;1;1;0;0;1
1;1;2;65;0;0;0;0;0;0;0;0
1;1;1;64;0;0;1;0;0;2;0;0
0;1;2;49;1;1;1;1;1;1;1;2
1;1;1;60;1;1;1;1;1;1;0;1
1;1;2;69;0;0;0;0;0;1;0;0
1;1;1;66;0;0;0;0;0;1;0;0
1;1;1;65;1;1;0;1;1;0;0;1
1;1;2;56;0;0;1;0;0;0;0;1
1;1;2;52;1;1;1;1;1;1;1;2
1;1;1;52;0;0;1;0;0;2;0;0
0;0;1;40;0;0;1;0;0;1;0;0
1;1;1;58;0;0;2;0;0;2;1;1
1;1;2;67;0;0;1;0;0;1;0;0
1;1;1;64;0;0;0;0;0;0;0;1
1;1;2;62;0;0;1;0;0;1;0;0
1;1;2;45;0;0;0;0;0;1;0;0
0;0;2;47;0;0;0;0;0;0;0;0
1;1;1;68;1;1;0;1;1;1;0;1
1;1;1;47;0;0;2;0;0;2;0;0
1;1;2;54;0;0;1;0;0;1;0;0
0;0;2;31;1;1;1;0;0;2;0;1
0;0;2;45;0;0;1;0;0;1;0;0
1;1;1;54;0;1;1;0;0;1;0;1
1;1;1;56;0;0;1;0;0;1;0;0
1;1;2;60;0;0;1;0;0;1;0;0
0;0;1;38;1;1;0;1;1;0;0;1
0;1;2;36;0;0;0;0;0;0;0;0
1;1;1;69;0;0;1;0;0;1;0;0
1;1;1;64;0;0;1;0;0;2;0;0
1;1;1;55;0;0;1;0;0;2;0;0
1;1;1;59;0;0;1;0;0;1;0;0
1;1;1;54;0;0;1;0;0;1;1;1
0;0;1;61;0;0;2;0;0;2;1;1
1;1;1;68;1;1;0;1;1;0;0;1
1;1;2;69;0;0;0;0;0;1;0;0
1;1;1;58;0;0;0;0;0;0;0;1
1;1;2;43;0;0;1;0;0;2;0;0
0;0;2;43;1;1;0;1;1;0;0;1
1;1;2;54;1;1;1;1;1;1;0;1
0;0;1;34;0;0;0;0;0;1;0;0
1;1;1;54;0;0;1;0;0;2;0;0
0;1;2;58;0;0;2;0;0;1;0;1
1;1;1;53;0;0;0;0;0;0;0;0
0;0;1;54;0;0;0;0;0;0;0;0
1;1;1;52;0;0;1;0;0;1;0;0
1;1;1;62;0;0;1;0;0;1;0;0
0;1;2;51;0;0;1;0;0;1;0;0
1;1;2;59;0;0;0;0;0;2;0;0
1;1;2;57;0;0;1;0;0;1;0;0
1;1;1;56;0;0;0;0;0;0;0;0
0;0;1;28;0;0;0;0;0;0;0;0
1;1;2;53;0;0;0;0;0;0;0;1
1;1;1;57;0;1;0;0;0;1;0;1
1;1;2;50;1;1;1;1;1;1;0;1
0;0;2;55;1;1;0;1;1;0;0;1
0;1;1;54;0;0;1;0;0;1;0;0
1;1;1;66;0;0;1;0;0;1;0;0
